4 5 7 8 72 9 10 74 11 12 13 141 142 16 18 19 20 23 24 27 92 29 99 100 361 114 62 
145 71 
4 6 8 10 74 12 140 145 114 86 23 24 121 27 59 60 92 29 
3 131 356 6 7 103 8 9 140 141 110 145 114 146 23 24 27 92 253 
1 2 114 4 356 6 92 140 141 253 110 
64 4 5 6 7 8 10 11 12 140 13 141 16 145 212 340 23 24 92 99 100 356 103 168 298 110 114 253 
3 131 4 5 103 8 136 9 361 10 140 18 19 20 22 23 24 92 
246 7 8 88 
218 175 
293 246 23 89 10 266 75 78 207 
102 23 103 135 24 127 
148 325 
23 359 24 
66 4 5 6 7 71 135 8 10 266 11 12 140 13 141 144 145 18 20 86 23 24 27 92 351 99 100 356 103 359 168 360 361 298 300 110 113 177 114 245 125 253 
23 24 10 75 92 15 
23 27 141 
99 9 
1 2 4 356 5 6 10 140 141 110 174 114 146 23 24 27 92 253 
64 145 23 135 24 10 92 141 
317 95 
128 1 2 258 4 5 133 6 7 8 266 11 144 145 18 23 151 24 26 27 29 32 34 164 301 175 303 59 191 64 320 321 71 328 330 331 77 333 78 207 81 82 340 88 89 219 93 351 226 227 228 359 232 106 107 363 242 115 245 246 247 124 125 126 127 
129 258 4 5 134 8 265 10 266 11 140 142 144 145 146 274 23 24 152 280 25 27 29 32 162 167 298 299 301 175 59 60 61 71 74 330 332 205 207 209 216 219 92 97 99 227 100 356 102 103 104 363 110 111 240 113 246 
99 4 5 7 72 9 361 10 74 11 12 13 141 80 18 114 19 20 23 24 27 92 29 
131 132 
129 130 258 70 71 10 74 266 78 335 144 145 211 23 24 89 218 27 92 29 285 97 103 40 114 245 246 
23 24 78 
3 8 
145 58 334 
3 131 4 6 7 8 9 74 140 141 145 146 342 23 343 24 27 92 29 356 103 110 114 58 253 
114 23 135 24 10 27 92 140 29 
66 4 72 10 266 12 141 142 144 145 18 19 211 275 20 276 149 277 23 24 27 92 95 98 99 100 361 298 114 245 246 59 60 61 190 191 
27 92 
337 141 
114 4 6 23 24 298 27 363 140 301 
4 135 72 361 10 74 140 141 145 18 114 19 20 86 23 24 27 219 92 29 
1 4 356 5 6 7 103 8 360 10 298 11 12 140 141 110 145 20 23 24 92 253 
64 34 114 131 132 6 23 11 140 
3 4 6 7 9 361 10 11 12 141 16 145 18 19 20 86 23 24 27 92 
4 7 40 10 12 141 18 114 19 20 86 23 24 26 27 92 159 
193 66 99 100 42 266 12 140 13 176 340 246 59 60 
66 114 99 4 9 59 12 140 141 
144 145 
23 24 
4 6 361 74 11 12 113 18 114 19 20 23 24 27 92 29 93 
16 114 19 4 86 23 24 10 11 27 92 140 
80 145 114 23 10 219 140 141 
1 4 135 361 10 298 11 12 108 140 110 18 114 19 20 86 23 24 121 27 92 93 
1 2 4 356 5 6 103 10 298 140 141 110 174 114 146 23 24 27 92 253 
150 23 359 24 169 170 171 172 
18 19 23 24 10 92 
65 114 20 361 
145 4 87 27 92 
256 3 131 4 260 261 6 134 135 265 10 266 140 141 144 145 146 23 24 27 29 158 34 292 294 40 298 303 59 315 60 317 70 71 72 74 331 333 80 336 81 209 82 338 211 339 340 213 216 219 92 348 97 98 100 102 358 231 232 106 237 110 114 242 115 245 246 247 253 254 
129 130 4 5 134 135 8 9 10 266 11 12 140 13 141 142 15 16 144 145 18 20 27 29 285 299 59 60 63 64 65 66 71 72 74 335 80 211 340 219 92 351 353 99 100 361 113 114 115 245 246 247 122 127 
160 145 114 245 23 359 24 266 141 
131 102 72 10 74 75 77 141 78 142 207 113 18 114 19 20 21 23 24 89 121 27 92 29 
1 2 356 6 141 110 111 114 146 342 23 343 24 92 253 351 
99 70 59 92 
4 100 361 10 11 12 13 78 18 114 19 20 23 24 89 92 
23 24 9 92 141 
210 179 104 94 
19 245 23 24 
4 5 72 361 10 298 11 140 141 142 18 114 19 20 22 23 24 27 92 
325 138 75 141 272 114 211 148 150 23 24 152 27 92 
3 99 131 4 356 325 6 7 103 8 9 298 141 110 145 146 23 24 152 27 92 29 253 
128 356 6 72 328 74 141 240 81 113 145 246 23 24 27 219 92 124 29 93 125 253 126 127 
64 4 5 6 72 10 74 11 12 140 13 141 81 145 146 342 343 27 92 29 356 360 105 298 108 110 174 111 175 114 253 
64 3 67 4 5 6 7 135 8 9 10 11 12 140 13 141 15 16 80 145 18 19 20 22 86 23 24 27 92 99 361 364 114 60 63 
18 6 23 24 10 11 
1 258 3 4 5 6 7 8 264 9 265 10 11 267 12 269 16 272 17 18 19 20 22 278 23 279 24 281 27 29 289 292 295 297 298 46 302 303 305 310 311 59 60 61 64 66 67 323 68 69 326 72 73 74 80 338 85 86 342 343 344 347 92 94 351 355 100 356 103 104 360 108 110 114 115 129 130 135 139 140 141 145 146 161 174 175 199 204 212 221 225 231 244 245 251 253 254 
3 4 5 6 7 135 8 72 9 10 11 12 140 141 16 18 146 19 20 22 23 24 27 92 29 32 99 103 361 298 110 174 114 120 59 253 
1 3 131 4 5 6 7 135 8 9 10 74 11 140 141 145 146 23 24 27 92 29 95 159 356 359 298 110 174 114 253 
3 19 4 20 7 23 8 24 11 27 92 141 
4 6 134 8 10 138 266 139 141 144 145 18 19 20 23 24 152 153 282 27 29 32 174 175 303 322 325 70 326 72 75 204 78 81 211 84 85 86 89 92 227 356 103 231 104 239 114 243 245 253 127 
6 140 
64 3 131 6 7 359 9 140 141 145 114 20 86 23 24 27 59 92 
3 4 6 102 7 135 8 9 10 140 364 141 114 86 23 24 27 92 
64 3 131 4 5 6 7 135 8 9 10 11 140 13 141 80 145 146 19 20 86 23 24 27 219 92 29 225 99 102 298 108 110 174 114 59 253 
64 129 4 5 6 134 72 10 74 138 266 140 141 143 144 81 145 146 150 342 343 152 153 27 92 29 97 292 356 294 105 108 110 174 111 175 113 305 114 245 310 253 
256 66 4 6 70 134 135 72 10 266 139 12 140 13 141 142 80 144 145 82 20 340 86 23 24 27 219 348 29 158 32 98 99 227 100 292 40 361 114 246 247 59 60 253 
4 20 5 23 24 
150 23 24 
4 356 6 298 363 140 301 110 111 114 146 23 24 27 
64 4 356 6 7 103 8 74 140 141 110 80 114 146 85 23 24 27 92 29 253 
8 10 74 138 141 144 145 23 24 88 27 92 29 
8 27 92 
5 6 
6 23 24 10 
64 3 4 5 6 7 135 9 10 74 11 140 141 80 145 146 19 20 86 23 24 27 92 29 99 356 298 110 174 111 114 59 253 
3 23 135 24 10 27 92 364 141 
3 356 6 103 72 140 141 114 85 23 24 27 92 29 253 95 
3 4 6 7 23 24 10 27 92 140 364 141 
23 24 10 
3 23 24 9 
1 6 7 23 10 12 
64 1 2 3 131 4 132 5 6 134 7 199 8 9 10 74 11 267 140 141 145 18 20 340 86 23 87 24 27 92 29 225 34 98 99 356 361 298 110 303 114 245 59 60 253 
3 7 23 8 24 9 10 
4 10 
114 70 
64 3 99 6 7 103 8 9 10 140 141 366 146 23 24 27 59 60 92 253 
6 7 23 8 24 
3 4 20 7 23 8 24 9 10 
7 8 9 10 
19 21 7 23 8 24 10 
18 19 4 20 5 22 7 23 8 24 10 11 
6 23 24 27 92 29 141 253 
225 3 4 7 9 10 364 141 86 23 24 27 92 29 
4 20 12 
7 11 
4 12 
65 4 5 6 359 361 10 74 12 140 13 141 14 367 368 114 20 23 24 27 92 29 63 
146 85 6 7 8 27 92 141 110 111 
98 3 99 6 7 8 140 364 141 86 23 24 27 123 60 92 29 
114 92 
86 7 23 8 24 74 27 92 140 29 141 
16 23 24 10 
10 27 92 364 141 
4 5 23 24 
3 5 6 7 23 8 24 10 
19 20 21 
131 5 6 359 72 10 74 364 141 114 115 86 23 24 27 92 29 95 
19 21 10 
114 99 135 10 27 92 140 141 
4 5 6 
114 242 164 359 106 59 
23 24 27 123 92 140 364 29 366 
3 23 24 
19 4 6 7 23 8 24 10 
128 4 134 135 8 328 10 74 266 140 141 144 145 82 211 339 340 277 23 24 281 92 220 29 97 103 106 234 298 45 303 114 245 246 247 59 251 60 61 127 
114 308 86 
3 99 4 356 6 7 9 10 298 140 141 114 19 23 24 27 92 
64 114 3 
1 2 4 356 5 6 103 298 140 141 110 174 111 114 146 85 342 23 343 24 27 92 253 
23 24 74 27 92 364 29 141 
6 135 27 92 364 29 141 
18 7 8 10 
114 3 7 8 9 27 92 140 29 141 
1 2 4 5 6 7 140 141 110 111 114 146 23 24 27 92 253 
129 130 258 4 5 6 134 71 72 10 74 266 11 141 335 80 144 145 146 211 27 92 29 285 356 360 105 298 174 175 113 114 248 253 
114 141 
129 130 3 4 5 6 134 7 135 8 9 10 266 11 12 140 13 141 142 15 16 144 145 18 20 23 24 152 27 29 285 158 292 294 298 303 59 60 63 64 65 66 67 71 72 74 335 80 82 211 339 212 340 86 219 92 351 353 99 100 102 358 361 113 114 115 245 246 247 122 252 
7 23 8 24 10 
18 3 4 6 23 24 9 10 12 
23 24 9 10 
3 4 356 6 140 364 141 110 174 111 146 85 342 23 343 24 120 27 92 253 
3 4 6 7 8 10 298 140 141 301 19 20 23 24 27 92 29 
4 5 6 10 
23 24 27 92 364 29 141 
4 356 5 6 110 111 114 146 245 342 343 27 92 
3 141 
19 21 6 23 24 10 
3 99 356 6 7 103 8 9 140 141 110 111 146 23 24 27 92 253 
23 24 9 27 60 92 364 29 141 
1 2 6 
144 4 103 11 141 
23 24 27 92 
18 19 4 20 6 23 8 24 10 11 
114 6 70 71 10 27 92 29 
6 7 23 8 24 10 
7 8 
114 59 60 
10 11 
18 23 24 10 
3 6 7 23 8 24 10 11 
23 24 9 10 74 27 92 140 29 141 
19 21 
3 4 5 6 7 23 24 9 10 
6 27 92 108 
131 4 5 6 7 135 8 72 10 74 140 141 145 146 85 342 23 343 24 27 92 356 103 298 110 114 59 253 
1 2 4 356 8 11 140 141 110 111 114 146 85 342 343 27 92 
1 2 146 356 6 342 343 92 110 111 
23 24 10 27 92 140 364 
103 135 72 9 10 74 140 141 145 23 24 27 92 29 
6 10 
4 5 
1 4 20 23 24 10 12 
64 1 2 3 131 4 132 5 6 7 135 8 72 9 10 74 11 12 140 13 141 82 146 20 86 23 24 27 92 29 32 99 298 110 174 114 115 253 
3 7 23 24 9 10 
16 7 8 10 
3 23 135 24 9 10 27 92 140 141 
1 4 5 6 7 8 10 11 12 13 20 23 24 
23 24 92 141 
3 4 20 7 23 8 24 9 
4 5 6 7 23 8 24 10 
6 23 24 
3 356 6 103 135 9 114 20 85 23 24 27 92 253 
7 8 10 
19 20 22 12 
18 20 10 
272 145 356 6 27 110 175 
1 3 4 356 6 7 8 9 10 139 140 364 141 110 174 111 114 146 23 24 27 92 29 253 
20 6 10 
16 114 19 21 7 8 10 27 76 29 141 
3 6 7 23 8 24 9 
9 10 
146 6 23 24 9 27 92 29 141 253 110 
23 10 
113 114 86 135 141 
3 7 23 8 24 10 27 92 140 29 141 
114 85 23 24 27 140 141 366 
5 6 135 10 141 110 146 86 23 24 27 92 29 253 
114 356 6 23 135 24 27 92 140 364 29 141 
70 266 92 
3 23 24 10 
27 92 141 
6 23 8 24 10 
3 7 23 8 24 10 
4 356 6 363 140 141 301 110 174 111 146 342 23 343 24 27 92 253 
145 3 102 23 24 10 27 92 140 29 141 
64 3 131 4 5 6 7 135 8 72 9 10 11 12 140 13 141 80 145 146 19 20 86 23 24 27 92 29 93 99 361 362 108 300 364 110 111 114 59 60 253 
144 114 103 
23 359 24 59 60 140 
4 356 6 140 141 110 174 111 146 342 23 343 24 27 92 253 
1 3 99 4 356 6 9 140 141 110 174 366 146 342 23 343 24 90 27 60 92 253 
7 8 10 27 92 364 29 
6 71 135 72 137 74 75 141 335 144 145 146 85 86 23 24 90 27 92 29 93 110 367 368 114 59 60 
359 361 141 18 19 211 20 149 23 24 59 60 63 191 
23 24 344 
7 23 8 10 
3 99 4 5 6 7 135 8 9 10 140 141 114 19 20 86 23 24 27 92 29 
6 86 23 8 24 27 92 364 29 141 
244 27 92 
356 6 135 10 141 110 174 111 145 146 342 23 343 24 27 92 29 253 30 
1 3 4 5 6 7 135 8 9 10 11 12 140 13 141 14 16 145 18 146 19 20 22 23 24 29 298 300 59 60 72 74 335 80 86 342 343 90 351 99 100 103 361 108 110 111 114 246 122 253 
23 24 9 27 363 92 140 301 
3 4 6 140 364 141 110 174 114 146 23 24 27 92 29 253 
114 10 
3 6 7 8 10 140 364 141 114 23 24 90 27 92 
135 10 140 141 239 80 144 145 114 306 19 245 246 
258 322 293 266 75 141 78 207 239 243 246 23 89 249 255 351 
114 3 6 135 9 10 74 27 92 364 29 141 
23 24 10 11 
114 146 356 6 10 27 92 29 141 110 
114 99 6 23 8 24 27 92 140 364 29 141 
64 114 3 23 135 24 9 10 27 92 140 141 
1 7 23 8 24 
23 10 27 92 140 141 
23 8 24 10 27 92 364 29 
64 3 4 5 6 7 71 135 8 9 137 10 74 11 140 141 145 146 20 86 23 24 90 27 92 29 99 298 364 110 114 59 60 253 
144 114 85 245 23 24 104 266 78 
6 7 8 10 
23 24 11 
146 6 23 27 92 140 141 253 110 
356 23 24 27 92 108 140 364 29 141 253 
3 4 7 135 8 9 10 74 140 141 16 145 114 19 115 20 23 24 27 59 60 92 29 93 
3 6 23 24 9 
23 24 27 140 364 29 
3 7 23 8 24 9 
4 266 11 
16 7 23 24 
3 4 5 6 7 8 10 11 12 13 16 18 19 20 21 22 23 24 
4 5 6 7 8 9 10 11 12 13 16 23 24 
114 10 27 141 
4 6 23 8 24 10 
4 356 5 6 9 10 74 141 110 174 111 114 146 86 23 24 27 92 29 253 
114 86 102 23 135 24 27 92 
1 2 18 3 6 7 23 8 24 9 10 
227 93 
64 4 5 6 134 7 135 327 8 10 11 12 140 13 141 16 144 145 212 340 23 24 27 92 99 100 356 103 168 298 110 114 253 
7 23 24 27 92 
3 99 4 5 7 135 8 9 10 74 141 19 86 23 24 27 92 29 
132 7 135 8 11 140 141 82 86 23 24 27 92 29 
3 4 6 7 23 8 24 10 27 12 92 141 
7 23 8 24 27 28 92 140 141 
80 145 114 7 23 10 27 92 140 141 
97 227 7 359 8 10 74 141 207 80 113 145 114 23 24 27 92 29 93 
114 3 356 6 23 24 9 27 92 140 141 
23 135 24 27 92 29 141 
114 92 93 
64 3 4 5 6 7 8 9 137 10 74 140 141 145 18 146 19 86 23 24 90 27 92 99 356 103 298 235 110 174 111 114 60 
23 135 24 73 27 92 29 141 
356 6 11 140 141 110 174 111 145 114 146 86 150 23 27 92 253 
3 4 5 7 8 72 9 10 298 11 140 141 366 18 114 19 20 21 85 22 23 24 27 92 
7 23 8 24 
3 4 356 6 140 364 141 110 174 111 145 114 146 23 24 27 92 253 
1 3 131 4 132 6 70 71 135 8 10 11 12 140 207 145 82 20 86 23 24 27 92 29 95 34 99 102 40 104 114 59 253 
356 6 102 359 74 266 139 141 174 82 245 86 23 24 27 92 29 253 
7 23 10 
4 85 7 23 103 135 24 27 75 92 140 141 
80 86 93 
3 7 23 8 24 
4 23 24 
3 99 103 359 9 10 74 298 140 141 144 145 27 59 60 92 29 
20 12 
1 131 4 5 6 7 135 8 10 74 11 140 141 145 146 23 24 27 92 29 95 159 356 359 298 110 174 114 253 
66 3 4 5 6 7 71 135 8 10 266 11 139 12 140 13 141 16 144 145 18 20 86 23 24 27 92 29 351 99 100 356 102 103 359 168 360 361 298 300 110 113 177 114 115 245 125 253 
114 23 24 92 140 141 
23 135 24 10 
4 7 23 8 24 10 
3 4 356 6 7 135 8 9 10 298 140 141 110 174 114 146 19 23 24 90 27 92 29 253 
3 19 6 7 23 8 24 
3 6 23 24 9 10 
64 82 86 102 23 135 359 24 9 10 92 141 
23 24 27 92 140 364 141 
3 6 23 24 10 11 
145 225 3 27 92 140 141 
245 266 
114 135 27 92 
6 134 71 140 364 144 145 245 86 23 24 27 92 29 
114 115 245 86 266 27 92 
97 102 135 10 74 141 142 113 18 114 19 21 23 24 27 92 
3 4 356 6 7 135 8 10 74 11 140 141 145 19 23 24 27 60 92 29 253 
356 102 7 23 135 359 8 24 140 141 
145 3 356 6 23 24 27 92 364 141 
4 356 6 298 140 141 174 114 115 23 24 27 92 253 
1 2 34 131 4 5 102 359 361 10 74 12 13 141 175 145 114 20 85 23 24 89 92 29 
113 114 102 23 24 
145 3 74 59 29 
70 86 89 78 303 
145 114 6 135 10 27 92 140 141 
7 23 24 10 
3 23 24 27 92 364 
3 356 6 7 8 10 108 140 141 174 15 80 145 114 86 23 24 27 92 29 253 
114 3 6 23 24 27 92 140 141 95 
114 99 92 
7 23 8 24 11 
32 114 23 359 24 10 27 219 92 29 141 
6 23 24 10 27 92 364 29 141 
145 114 99 86 246 135 266 59 
99 70 135 9 10 141 145 114 245 246 23 24 59 60 92 
64 3 99 4 356 6 103 72 9 10 140 141 18 114 19 20 23 24 27 59 92 29 253 
99 356 6 102 135 9 10 364 141 145 18 114 86 23 24 90 27 92 29 
114 131 6 23 24 152 137 27 92 364 366 
64 3 131 6 7 359 9 140 141 145 114 86 23 24 27 59 92 
1 3 6 7 23 8 24 10 
114 85 23 24 27 92 29 141 
129 130 6 70 134 71 8 72 10 74 266 11 140 141 78 144 145 146 27 92 29 110 111 175 245 253 127 
4 11 92 
3 131 7 8 10 74 141 80 145 23 24 27 92 29 93 
80 4 11 141 
64 135 72 10 74 16 86 23 27 59 60 92 29 
32 7 8 10 74 266 76 140 110 111 144 145 114 146 115 86 26 27 59 219 60 92 29 
8 11 
4 356 7 23 24 27 92 140 141 
18 19 4 20 5 23 24 9 10 11 
1 2 3 6 7 135 8 9 10 74 11 75 140 141 145 85 86 23 24 90 27 92 32 225 99 356 102 108 114 246 59 60 
3 7 23 24 9 
3 9 
114 23 24 27 92 140 141 
17 18 19 4 6 7 8 10 
3 19 21 22 
12 13 
1 2 7 8 
7 23 27 92 140 364 
1 2 4 5 6 23 24 10 
1 4 20 23 12 
135 27 92 29 141 
114 7 23 135 24 10 27 29 
114 7 23 24 27 92 364 
23 24 9 
114 6 7 23 24 27 92 140 364 141 366 
23 24 27 92 364 141 
6 23 24 11 
27 92 140 141 
3 19 20 23 24 10 
1 7 23 8 24 9 
18 4 23 24 
114 356 23 24 27 92 364 29 141 253 
4 20 5 7 23 8 24 10 
114 23 135 24 74 27 92 140 29 141 
18 3 19 4 5 7 23 8 24 9 10 11 
16 4 5 7 8 9 10 11 12 13 15 
19 6 7 8 10 90 11 27 92 29 141 
246 23 71 24 10 
4 6 23 24 
3 19 4 20 5 21 7 23 8 24 10 11 
23 8 24 10 
16 4 7 23 8 24 11 
20 23 24 
19 21 23 24 10 
114 23 103 24 27 92 140 364 141 
18 19 4 5 21 23 24 
4 23 24 10 
1 4 20 11 12 
145 99 23 24 10 27 60 29 141 
32 134 72 141 142 144 145 114 86 150 23 24 152 89 27 59 60 92 
97 113 
80 3 219 140 141 
114 146 356 6 342 343 92 141 110 111 
97 99 4 100 5 102 7 71 8 72 10 11 140 207 144 145 18 114 19 25 27 92 
64 4 5 6 7 71 8 72 10 74 11 140 141 80 144 145 21 86 25 27 92 29 99 100 102 110 113 114 
19 4 21 6 72 10 27 12 92 13 29 141 
146 356 6 23 24 27 92 141 253 110 111 
3 131 4 5 6 7 8 9 10 12 140 13 141 145 146 342 23 343 24 27 92 225 99 356 360 298 362 300 110 59 253 
145 146 356 6 23 24 27 92 253 110 
146 356 342 343 92 110 111 
82 6 23 103 24 11 27 92 29 93 
23 359 24 141 
23 135 24 9 27 92 140 364 141 
6 10 74 140 141 110 142 174 145 82 114 146 19 245 86 246 23 24 89 121 27 92 29 253 
86 23 24 92 
152 92 29 
64 149 59 60 
23 24 10 27 92 140 29 141 
18 114 19 4 20 361 10 59 60 141 
114 23 24 27 92 29 
64 1 130 99 4 5 70 7 10 141 110 142 334 144 113 145 114 146 26 125 127 
86 23 24 72 73 10 74 27 92 140 29 
145 27 
6 7 103 8 10 74 11 140 141 23 24 27 59 60 92 29 93 253 
144 97 145 85 101 102 23 24 89 
145 20 23 24 72 73 74 27 92 29 141 
1 2 4 20 5 23 359 24 25 361 141 
4 23 24 72 74 27 92 29 141 
114 23 24 73 74 27 92 29 141 
4 5 6 134 71 10 74 11 12 13 141 335 80 144 145 146 27 92 29 285 356 105 174 175 113 114 253 
59 60 
3 131 134 7 72 9 73 10 74 140 141 80 144 145 20 86 23 24 27 219 92 29 99 103 359 114 125 
1 134 7 8 9 10 140 141 80 145 82 114 86 23 24 27 92 159 
115 227 85 86 23 24 104 121 93 141 207 
97 113 145 114 99 359 10 140 141 
145 99 86 134 23 24 9 10 11 141 
64 134 72 73 10 74 141 80 144 145 86 23 24 121 27 92 29 93 
144 145 34 66 131 132 10 11 140 93 78 
23 24 219 140 141 
2 20 6 86 23 24 361 27 92 140 253 
23 24 73 74 27 92 29 141 
64 99 227 103 135 9 10 141 145 242 20 86 23 24 27 59 92 29 
86 23 359 24 10 141 
97 99 100 102 71 10 11 140 142 207 144 240 113 145 114 25 219 60 
145 135 247 
64 144 145 114 261 10 141 
128 6 326 72 10 74 140 141 78 142 145 18 19 86 23 24 89 27 92 29 351 103 361 114 245 
145 114 3 70 72 89 10 27 92 29 141 78 
144 145 3 23 24 59 219 60 140 141 
99 100 102 71 72 10 11 108 140 141 142 207 144 240 81 145 23 24 25 27 219 60 
1 2 6 141 110 174 111 145 114 146 23 24 27 92 253 
145 114 
131 6 134 7 72 9 10 74 141 145 19 20 340 22 86 23 24 27 219 92 29 99 103 359 361 121 59 
145 99 86 134 7 23 359 24 9 10 59 141 
145 131 132 
74 29 
81 114 104 108 62 
145 114 7 27 92 
145 114 27 92 140 29 93 
145 114 23 24 27 92 140 29 93 
145 114 6 86 72 10 74 27 92 29 93 141 
66 131 4 6 134 326 7 8 9 10 140 141 145 82 146 20 23 24 27 92 29 356 103 359 298 300 110 111 59 253 
99 4 6 9 10 140 174 80 145 114 20 23 24 27 59 92 253 30 
82 23 24 89 92 78 
114 4 5 6 
114 148 325 150 23 24 72 152 27 92 
114 146 20 6 86 361 10 74 27 29 30 111 
131 4 5 361 12 13 334 145 20 245 23 24 58 
1 2 4 356 5 6 10 12 13 110 174 111 80 144 145 146 245 23 24 27 92 29 253 
1 129 2 130 4 5 6 10 12 13 110 111 144 145 114 146 23 24 92 30 
131 4 6 7 135 8 10 140 141 145 82 146 20 23 24 27 92 29 356 103 359 298 300 110 59 253 
1 2 
145 4 7 10 27 12 92 
145 4 298 12 
145 27 92 140 29 93 
145 23 24 27 92 140 29 
144 145 7 8 27 92 
4 5 11 
99 100 102 71 10 11 140 142 207 240 113 145 25 60 
144 145 27 
1 2 3 4 5 6 7 8 72 9 10 74 138 11 12 140 13 141 144 145 146 19 86 23 24 27 92 29 93 356 108 110 174 111 114 253 
4 101 6 102 10 174 207 144 145 114 27 92 253 
64 4 5 6 134 7 8 10 11 140 141 207 80 144 145 18 19 20 86 27 219 92 100 101 102 361 174 114 253 
66 3 10 74 11 140 141 80 144 145 20 86 219 92 29 100 103 359 361 108 113 114 121 59 60 
145 99 
99 100 102 71 72 265 10 11 108 140 142 207 144 240 145 114 23 24 25 219 60 
99 4 6 72 73 10 108 114 23 24 27 59 60 92 29 253 
114 6 10 27 92 29 
113 114 141 
114 245 23 24 10 27 92 29 141 
23 24 93 141 
1 2 4 5 6 72 10 141 110 174 111 145 146 21 86 27 92 29 253 
18 19 20 21 86 361 10 140 141 142 
64 1 2 4 5 6 10 12 13 141 144 145 18 146 19 20 85 23 24 219 92 100 102 361 110 113 114 121 
64 6 71 72 10 74 11 140 77 141 142 80 18 19 20 21 86 150 23 24 25 218 27 92 29 32 99 100 102 359 361 110 113 114 
114 23 24 9 27 92 364 29 141 
64 3 4 6 7 135 8 72 9 10 74 11 140 141 80 145 19 86 23 24 26 27 92 29 99 364 59 60 
23 24 27 92 29 141 
114 246 359 92 
1 66 4 359 104 9 298 12 140 141 303 114 245 23 87 27 59 92 351 
99 100 10 27 
4 7 135 8 10 11 140 141 16 145 18 82 19 20 21 22 86 23 24 27 93 99 104 361 114 59 60 
1 2 4 5 6 7 8 9 10 11 12 18 19 20 23 24 
128 245 86 266 
3 4 6 135 104 10 298 140 364 141 366 144 145 114 23 24 27 92 29 
145 114 246 359 
82 135 247 74 29 
19 4 20 5 6 23 24 10 11 12 13 
1 6 134 7 135 8 72 74 141 144 145 209 82 86 27 92 29 99 356 115 246 247 59 251 60 
66 3 4 134 326 7 135 8 72 9 10 74 266 140 141 16 80 144 145 18 20 86 23 24 26 27 92 29 99 100 361 114 246 247 122 
66 3 4 9 10 74 11 140 141 80 144 145 20 86 23 24 219 92 29 225 100 103 359 361 108 113 114 121 59 60 
114 265 
242 4 135 11 
99 4 6 7 8 9 137 10 298 11 108 140 141 80 18 86 23 24 90 27 59 60 92 29 
1 2 4 6 7 135 8 136 9 73 10 74 141 335 82 86 23 24 27 92 99 364 114 59 60 
1 2 4 5 6 10 11 12 16 18 19 22 23 24 
23 24 10 140 141 
134 135 9 10 266 11 140 141 144 145 82 339 23 24 27 92 98 99 103 359 245 246 247 59 254 
145 34 82 131 86 27 
1 2 4 5 6 70 10 266 298 207 80 145 114 245 246 
32 128 160 134 359 266 141 144 145 114 245 86 150 23 24 152 
3 7 71 72 10 74 138 11 140 141 142 207 144 145 23 24 25 27 219 29 97 99 100 102 359 240 113 114 59 60 
144 131 10 266 
3 23 24 27 92 140 364 141 
18 84 72 89 297 10 74 27 92 29 
144 145 114 340 246 7 23 24 297 27 92 239 
145 59 60 92 140 
6 7 23 8 24 9 10 
81 145 99 245 70 246 266 59 92 
145 23 24 10 
245 246 266 
97 145 114 86 40 10 74 27 92 141 
128 135 9 10 266 108 140 141 80 145 82 114 242 245 86 246 23 247 24 92 62 
4 5 10 
1 2 7 23 8 24 
246 23 359 24 
6 7 23 24 10 
19 20 10 11 
82 114 227 245 70 246 266 219 78 
258 40 297 266 141 144 145 114 86 246 27 92 29 62 
3 99 7 103 9 10 11 140 85 23 24 27 59 92 29 
6 23 24 27 92 141 
114 3 4 356 6 7 23 24 298 27 92 141 
1 2 4 5 6 23 24 10 12 13 
3 99 100 102 7 71 359 10 11 140 141 144 240 145 114 23 24 25 59 219 60 
10 266 303 
64 4 5 7 135 8 72 10 140 141 245 246 23 24 27 92 29 
3 4 5 6 7 23 24 10 
3 245 246 135 266 
3 4 6 23 24 9 10 
23 135 24 72 73 74 27 92 29 141 
225 3 99 6 7 8 10 74 140 141 114 19 23 24 27 59 60 92 29 
86 135 10 27 92 29 
1 2 4 5 6 7 8 9 10 140 141 18 146 19 23 24 27 92 29 356 364 110 174 111 114 253 
114 135 27 92 29 141 
1 2 4 5 6 7 8 10 11 19 20 23 24 92 
114 59 60 158 
114 135 27 92 364 141 
128 102 
245 246 23 297 10 266 
19 4 6 7 23 8 24 10 27 92 140 
100 102 71 72 10 11 108 141 142 207 144 81 145 23 24 25 27 219 
81 82 297 10 108 
86 246 135 104 10 
3 23 9 10 
258 10 266 77 141 78 144 85 23 24 282 27 92 29 32 97 227 40 104 108 303 113 114 59 60 
225 3 99 4 6 7 135 8 10 298 139 140 141 174 86 246 23 24 27 92 29 253 94 95 
4 5 6 10 11 
128 359 72 73 74 141 145 23 24 27 251 92 284 29 
3 4 5 6 10 12 13 18 19 20 22 23 24 
359 141 303 144 209 242 115 86 23 24 59 219 92 29 
114 23 24 90 27 92 141 
225 3 4 6 7 8 10 140 141 19 23 24 27 92 29 
18 19 4 20 21 6 7 23 8 24 10 11 
3 4 6 7 135 8 9 73 266 140 141 144 145 209 146 19 20 84 23 24 89 27 219 92 29 99 356 103 359 108 110 174 111 114 115 246 59 60 253 254 
89 78 
145 245 86 246 23 24 266 92 
128 145 99 245 246 23 359 24 110 
23 24 10 27 92 29 141 
164 134 135 106 266 144 145 82 114 115 245 86 246 247 
128 99 7 72 9 74 266 141 303 145 114 84 245 89 27 59 251 60 284 29 61 
128 4 359 72 73 74 141 145 23 24 27 251 92 284 29 
19 20 6 22 7 23 24 9 10 
114 10 27 92 29 
145 114 86 134 246 135 10 266 303 
3 4 6 7 135 9 10 140 141 17 145 18 146 19 86 23 24 27 92 29 99 103 297 361 298 110 174 111 114 59 60 
18 19 20 21 7 23 8 24 10 11 
227 70 266 144 145 82 114 245 246 23 24 219 158 
20 23 24 9 10 
145 66 82 3 4 23 24 11 27 92 
114 146 356 85 342 23 343 27 92 141 253 110 
114 258 245 246 40 266 27 92 
135 10 78 145 114 245 86 23 24 89 27 59 60 92 
64 100 8 72 10 74 141 114 21 86 25 27 92 29 
128 73 74 266 141 145 114 245 23 24 27 251 92 284 29 
27 92 29 141 
7 8 72 137 10 74 140 141 23 24 90 27 59 60 29 
128 258 103 40 297 266 141 78 303 144 145 114 86 246 89 27 92 29 
2 258 3 4 5 6 7 8 72 10 74 12 140 13 141 80 144 18 19 20 86 23 24 27 92 29 93 33 225 99 359 364 367 368 114 
128 359 72 73 74 266 298 140 141 303 145 245 86 23 24 27 251 92 29 95 
145 225 3 246 23 24 297 141 303 
4 20 6 23 8 24 9 10 12 
3 4 6 23 24 10 
128 6 70 103 72 297 10 74 140 141 78 142 145 114 84 245 86 23 24 89 27 92 29 
114 23 140 
144 245 27 92 29 
4 100 261 134 294 72 10 144 145 82 114 86 27 
128 74 140 141 145 84 27 59 251 60 92 284 29 61 
144 145 131 132 148 246 23 24 95 
80 144 145 89 297 27 92 78 
114 103 266 92 
1 2 3 131 4 5 6 7 8 266 140 141 142 144 145 18 146 19 20 21 22 23 24 27 29 30 40 297 298 301 174 59 60 70 72 74 207 81 82 86 219 92 93 351 97 356 101 102 103 359 360 363 110 111 239 114 115 245 246 253 
64 114 7 23 8 24 74 27 59 60 29 
356 6 23 24 27 92 29 141 253 174 
162 99 227 134 265 144 145 114 211 246 23 24 216 25 27 59 60 92 61 93 
6 135 72 297 361 10 266 12 13 141 142 18 114 19 20 23 24 89 27 92 29 95 351 
114 258 23 24 10 266 282 27 92 29 78 
3 356 6 135 9 10 141 174 114 146 23 24 27 92 29 253 
80 114 308 86 
66 4 5 297 298 140 141 114 20 23 24 27 92 29 
144 145 340 246 89 297 266 27 92 140 
3 4 356 6 364 141 174 114 85 23 24 27 92 29 253 
144 145 82 114 100 261 86 134 294 72 10 27 
3 4 356 6 363 364 141 301 174 114 85 23 24 27 92 29 253 
114 258 227 40 266 78 
128 131 70 135 266 334 144 145 114 245 246 89 92 
72 104 10 74 140 114 86 23 24 27 59 60 92 29 
85 86 23 24 27 75 92 108 29 
145 114 131 246 23 24 
64 4 5 6 7 71 135 8 72 10 74 266 12 141 142 207 80 144 145 18 27 219 92 29 351 100 101 102 110 114 245 246 
245 246 89 266 27 92 78 
1 2 130 4 5 6 74 266 12 13 144 145 146 20 86 23 24 27 92 29 30 351 297 361 110 111 114 253 
144 145 242 99 86 23 359 24 266 140 141 
114 258 23 24 40 104 328 
114 303 
114 245 246 104 266 
4 5 6 10 140 141 144 145 18 146 19 20 84 23 24 89 27 92 29 351 100 360 297 361 298 110 174 111 114 245 122 253 63 
128 256 131 134 135 72 74 266 140 141 144 145 209 82 84 340 86 23 24 27 219 92 29 351 99 103 359 297 239 245 246 121 59 
64 1 2 3 4 5 6 7 135 8 72 9 137 10 74 11 12 140 141 20 86 23 24 90 27 92 32 174 366 114 
4 72 10 74 140 364 141 86 23 24 27 92 29 
131 135 359 72 73 137 10 74 140 141 145 86 23 24 90 27 59 60 92 29 93 
3 7 23 135 8 24 9 27 92 364 29 
27 92 29 
114 131 27 92 140 
80 114 3 135 9 10 27 92 29 141 
114 131 27 92 140 141 
80 135 10 27 92 29 
3 7 135 74 364 145 82 114 146 86 23 24 27 59 60 92 29 93 
64 3 6 135 72 137 10 74 75 140 141 145 82 85 86 23 24 90 27 92 29 93 32 99 102 104 367 368 123 
114 23 24 27 92 141 
131 132 23 24 10 90 27 92 141 
3 6 7 135 8 10 74 140 141 80 145 86 23 24 152 90 27 92 29 93 95 351 225 99 356 102 108 364 174 114 253 
4 20 5 23 11 12 
3 23 24 10 27 92 29 
7 23 24 27 92 141 
6 23 24 9 10 
6 9 
3 102 7 135 8 72 9 73 10 74 108 140 141 145 114 86 23 24 27 92 29 
3 23 24 9 10 27 92 364 141 
6 27 92 364 29 141 
3 23 24 10 90 27 92 364 29 141 
128 227 70 135 8 104 74 106 141 303 144 240 81 145 114 242 245 86 23 24 89 27 92 29 
64 3 99 4 6 72 9 10 298 140 141 174 111 114 146 19 20 60 29 253 
6 7 23 8 24 27 92 141 
23 24 27 92 141 
1 2 23 24 
115 340 245 135 247 266 317 303 
3 6 7 23 8 24 9 10 
114 84 246 135 297 139 92 
145 114 245 246 7 8 92 
1 2 66 4 6 70 134 7 71 135 8 10 74 266 140 141 80 145 146 23 24 27 219 92 29 351 356 103 359 298 110 111 114 245 246 122 59 253 
1 66 3 4 5 6 134 7 8 72 10 74 266 11 12 140 13 141 144 145 146 20 86 23 24 27 219 92 29 99 100 356 103 359 168 360 297 298 300 110 111 113 114 245 122 59 253 
99 227 6 70 134 294 135 104 297 10 303 144 113 145 82 114 23 24 89 27 92 93 
128 3 4 260 70 134 135 328 9 140 144 145 82 339 23 24 92 351 99 164 232 297 106 299 303 114 115 246 59 60 
129 130 3 4 5 6 134 7 135 8 9 10 266 11 12 140 13 141 142 15 16 144 145 18 20 23 24 152 27 29 285 158 292 294 298 303 59 60 63 64 65 66 67 71 72 74 335 80 82 211 339 84 212 340 86 219 92 351 353 99 100 102 358 361 113 114 115 245 246 247 122 254 
258 10 266 75 77 141 78 144 85 86 23 24 89 27 92 29 93 32 97 227 40 104 299 108 113 114 
3 4 5 261 6 134 7 135 8 9 10 266 11 12 140 13 141 142 144 145 18 19 20 21 22 23 24 26 27 29 159 164 297 298 306 64 66 70 72 74 80 213 86 92 95 351 97 100 102 359 361 110 114 245 247 
16 1 4 20 6 7 23 8 24 10 12 
146 84 89 297 27 92 141 303 
6 23 359 24 72 10 27 92 29 
114 27 92 141 
6 7 103 104 328 297 10 74 108 303 144 145 114 242 84 23 89 27 59 92 284 29 
114 27 92 29 
3 4 5 7 23 8 24 10 
164 23 359 24 141 
32 1 23 359 24 328 10 
7 8 27 92 
128 1 2 4 5 70 134 135 266 139 140 141 78 144 145 82 84 213 23 24 89 27 219 92 158 227 229 40 104 114 245 246 247 
128 242 135 247 
114 84 86 23 24 10 27 92 29 
3 246 9 
114 10 141 
3 131 4 5 7 8 9 10 11 140 141 19 20 86 23 24 27 92 
3 4 23 135 24 10 90 27 92 29 141 
4 6 7 135 8 137 74 11 75 12 140 13 141 20 85 86 23 24 90 27 92 29 93 102 104 367 113 114 247 
356 6 74 266 140 364 141 174 114 86 23 24 27 59 60 92 29 253 
64 3 99 4 6 7 135 8 9 10 266 298 140 141 19 86 23 24 27 59 92 29 
99 23 24 9 92 364 141 
23 135 24 9 10 27 92 140 364 29 141 
3 6 135 72 137 10 74 140 141 78 16 145 146 86 23 24 89 90 27 92 29 93 356 102 104 108 364 110 114 59 60 253 
114 356 23 24 9 27 92 140 364 29 141 
114 4 6 23 24 9 27 92 140 364 141 
3 99 7 135 8 9 140 364 141 145 114 86 23 24 90 27 92 29 
356 6 135 73 10 140 141 18 86 23 24 27 92 29 
114 3 7 23 135 8 24 27 92 140 29 141 
32 3 131 132 356 6 102 7 135 8 137 74 141 23 24 90 27 92 29 253 
114 23 24 72 27 92 140 29 141 
6 7 23 8 24 10 74 27 92 29 141 
114 7 23 8 24 10 27 92 364 29 141 
4 23 24 9 
114 23 135 24 27 92 364 141 
20 5 23 24 10 
6 86 23 24 10 27 92 140 364 29 141 
1 2 18 4 20 5 6 23 24 10 11 
4 5 6 23 24 
6 23 
23 24 27 59 60 92 140 364 141 
80 23 24 10 27 92 364 141 
4 10 12 
64 356 6 10 266 141 174 366 145 114 245 86 23 24 152 27 60 92 29 253 
20 6 23 24 9 10 
3 86 7 23 8 24 27 92 140 29 141 
146 356 6 23 27 92 29 141 253 110 111 
6 7 8 11 
4 5 23 24 10 
5 23 24 
3 131 132 6 7 135 8 72 9 10 74 75 140 141 80 145 82 146 85 149 86 23 24 27 92 29 93 99 102 104 105 108 174 111 114 246 59 60 
99 4 6 9 10 140 141 114 23 24 27 60 92 
356 6 23 359 24 11 27 59 60 92 29 
4 5 12 13 
1 2 4 5 6 10 11 12 13 18 19 20 21 22 23 24 
4 7 23 24 9 10 11 12 13 
6 7 
1 4 20 23 24 10 
4 6 11 
4 6 7 23 8 24 10 11 
1 2 4 20 5 6 23 8 24 10 12 13 
1 3 4 20 5 6 23 24 9 10 
6 86 23 24 9 10 74 27 92 364 29 141 
1 4 20 23 24 10 11 
3 19 4 20 5 6 7 23 24 10 
99 7 23 8 24 9 10 27 92 140 29 141 
23 24 9 10 27 92 364 29 141 
1 2 6 7 23 24 
4 6 7 9 10 11 
6 7 23 8 10 
23 24 74 90 27 92 29 141 
3 10 
1 4 20 6 7 12 13 
1 4 20 5 11 
23 24 27 92 140 
3 4 6 135 9 10 11 140 364 141 335 145 82 114 115 86 23 24 27 92 29 93 
23 24 10 27 92 140 364 29 141 
114 27 92 140 141 
1 7 23 8 24 10 
3 4 20 5 6 7 23 24 9 10 11 
1 4 5 6 7 23 8 24 10 11 
7 23 24 
6 7 10 
1 2 4 5 6 7 8 10 11 12 13 18 19 20 23 24 
1 2 18 4 6 23 24 11 
1 2 4 20 5 6 10 
114 23 8 24 27 92 140 141 
4 20 6 
23 8 24 
6 27 92 141 
18 19 4 20 5 10 12 13 
19 20 23 24 10 
16 4 20 5 6 7 23 8 10 11 12 13 
23 24 27 92 364 
1 2 3 4 5 6 7 8 
6 23 10 
27 92 364 141 
1 2 4 20 6 7 23 8 24 11 
3 6 7 135 9 137 74 140 141 145 146 23 24 90 27 92 29 356 103 110 174 111 367 114 253 
3 6 135 9 140 364 141 145 23 24 27 92 29 95 
114 99 23 24 27 92 140 364 29 141 
3 74 27 92 140 29 
114 3 23 135 24 27 92 364 29 141 
3 6 7 103 135 72 137 74 140 364 141 23 24 90 27 92 29 
356 6 7 8 10 74 11 140 141 114 86 23 24 27 92 29 
20 6 23 24 10 
16 18 3 19 20 23 24 10 11 12 
1 2 6 7 23 8 24 10 
114 4 5 23 24 72 10 27 12 92 
164 23 359 24 328 297 140 141 239 
4 20 10 12 
356 6 23 24 10 27 92 29 141 
4 5 6 7 23 24 10 12 
23 24 89 27 92 
1 3 131 4 132 5 6 134 7 135 8 72 9 73 10 74 11 12 140 141 16 144 145 82 19 20 22 86 23 24 27 92 29 93 225 34 356 104 298 366 367 114 59 123 60 253 
3 86 134 246 141 
23 24 27 92 140 364 29 
3 131 7 135 8 9 73 137 10 74 141 23 24 90 27 92 29 
128 246 23 24 106 138 59 315 140 303 
4 7 8 10 12 
4 100 72 10 74 11 239 80 19 115 22 86 57 27 59 92 
162 99 135 297 140 141 144 145 82 114 242 246 27 59 219 92 29 
4 20 5 23 24 12 
115 164 86 23 359 24 140 141 239 
114 27 29 
3 99 9 10 266 140 141 144 145 114 245 86 246 23 
66 68 69 7 72 9 73 10 74 11 141 80 144 145 86 23 24 27 92 159 99 227 100 106 242 59 60 61 254 
144 145 245 89 27 92 93 141 
3 4 5 7 8 9 10 11 12 13 18 23 24 
113 242 3 100 10 219 60 141 
114 131 23 24 27 92 364 141 
115 164 86 23 359 24 328 297 140 141 239 
4 9 10 11 12 
128 3 4 6 7 135 72 9 73 10 74 266 141 144 145 209 82 211 84 340 149 23 24 27 347 92 284 29 359 298 303 113 114 245 246 59 251 60 61 
128 242 246 23 24 297 106 141 303 
3 7 71 135 9 10 74 140 141 80 86 23 24 27 92 29 93 32 99 356 359 364 114 115 59 60 
3 6 134 7 135 8 72 328 10 74 266 139 140 141 78 207 144 145 82 19 339 84 340 86 23 24 89 27 219 92 29 158 164 38 103 104 297 106 303 114 245 246 247 251 63 
1 2 4 20 5 6 23 24 9 10 12 
99 23 199 24 9 10 59 60 141 
68 69 6 7 135 8 10 74 11 141 78 81 145 82 146 19 86 23 24 27 92 29 93 99 106 108 110 242 115 59 60 
3 4 6 134 135 9 266 140 141 144 145 18 19 20 23 24 27 219 92 99 356 359 297 246 125 
3 4 5 6 7 135 8 10 11 12 140 13 141 16 144 145 18 146 19 20 22 23 24 27 29 32 59 60 70 72 74 78 80 85 86 92 93 351 100 356 101 102 231 361 108 364 110 111 367 368 114 115 
19 23 24 
92 29 
64 1 2 66 4 5 7 8 72 9 10 74 11 12 140 141 80 144 145 18 146 19 20 21 22 86 23 24 89 27 28 92 29 98 99 361 108 110 114 59 60 
1 2 3 4 5 6 7 8 9 10 140 141 146 19 20 85 23 24 90 27 92 29 298 110 174 366 114 123 253 
82 135 89 27 59 92 
23 24 72 89 27 92 
103 135 359 297 266 239 144 84 340 86 23 24 27 92 
99 102 7 8 9 10 141 269 23 24 59 92 156 159 
1 2 4 356 5 6 103 135 360 10 298 140 141 110 174 145 114 146 86 23 24 27 92 253 
64 99 4 356 5 6 135 359 9 73 10 141 174 145 114 23 24 27 92 29 253 
16 4 5 10 11 
23 24 27 75 92 364 29 141 366 
7 23 24 26 27 92 141 
3 131 4 5 7 135 8 265 10 11 140 141 142 144 145 274 149 23 24 152 25 29 32 297 301 59 60 191 71 74 79 207 80 219 92 97 99 227 100 356 102 103 359 104 363 240 113 114 242 121 
114 21 10 27 140 141 
64 114 23 24 27 60 92 140 29 141 
261 294 359 8 10 74 144 145 211 275 23 24 27 92 29 
18 114 4 20 5 23 24 10 12 
23 24 92 29 
99 23 24 27 92 29 141 
3 6 135 10 266 298 140 141 114 86 23 24 27 92 29 
114 19 211 21 23 135 359 72 10 27 92 29 
356 10 140 141 366 16 114 23 24 27 92 29 253 
99 4 356 6 8 73 74 298 140 141 114 23 24 27 92 29 
144 145 25 
4 5 6 102 103 135 359 72 73 10 74 298 141 86 23 24 27 59 60 92 29 
1 2 4 5 102 71 135 359 361 10 141 78 142 144 145 114 20 23 24 89 27 29 
1 2 4 5 6 7 135 8 72 10 74 266 140 141 145 146 86 23 24 27 92 29 356 102 359 360 298 362 300 110 174 111 114 115 245 253 
7 8 11 
27 92 364 
114 7 92 
1 2 4 356 6 71 135 11 140 141 110 145 114 23 24 27 59 92 253 
356 6 7 8 74 141 174 114 23 24 27 92 29 253 
23 24 72 73 27 92 140 29 141 
145 148 86 102 23 135 359 24 27 92 140 141 
3 131 4 5 71 135 8 265 10 74 11 140 141 142 79 207 80 144 145 274 149 23 24 152 25 219 92 29 32 97 99 227 100 356 102 103 104 363 301 240 113 114 121 59 60 
114 356 6 23 135 27 92 141 
1 2 131 4 5 6 8 140 146 20 23 24 92 
145 66 297 74 11 59 60 29 
114 99 23 135 24 335 
356 6 8 141 110 174 366 146 23 24 27 92 29 
113 297 10 27 
64 356 6 23 24 10 27 92 141 253 
3 4 5 6 7 135 8 10 74 11 12 140 13 141 16 18 19 20 22 86 23 24 90 27 92 29 93 99 356 101 102 361 108 367 368 114 253 
64 145 7 23 8 24 72 10 26 27 92 141 
3 4 356 6 7 8 9 140 141 174 23 24 27 92 29 253 
6 8 74 27 59 60 92 140 364 29 141 
102 135 359 106 266 108 140 141 80 81 145 114 86 27 92 29 
80 114 306 135 247 299 140 141 
1 2 18 19 4 20 5 22 23 24 10 
4 6 7 8 11 
114 85 27 92 29 141 
2 3 4 5 6 7 135 8 72 137 10 74 11 75 12 140 13 141 80 145 18 82 146 19 20 85 86 23 343 24 90 27 92 29 93 32 99 363 108 364 110 174 367 368 113 114 59 60 
18 3 4 7 23 8 24 10 
145 114 86 23 71 24 137 27 29 93 
8 73 74 140 141 114 23 24 27 59 60 92 29 
114 7 27 92 
4 20 7 12 
1 2 19 4 20 5 6 23 24 
4 6 7 23 8 24 
4 7 23 8 24 10 11 
1 4 5 6 7 23 24 
3 23 8 24 10 
6 23 24 27 92 364 141 
1 2 4 5 6 7 23 8 24 
4 356 6 7 9 140 141 110 114 146 85 342 23 343 24 27 92 29 
16 18 7 8 10 
6 27 92 29 141 
18 4 10 11 
18 19 4 20 11 27 92 140 29 141 
67 4 6 7 8 9 10 74 11 12 141 144 145 18 82 86 23 24 27 92 29 93 100 356 103 359 298 114 245 246 59 60 
3 131 4 5 6 7 9 10 141 19 20 86 23 24 90 27 92 
3 23 135 24 9 27 92 140 364 29 141 
3 356 6 7 8 74 141 114 23 24 27 92 29 253 
86 23 24 10 27 92 140 364 29 141 
64 3 4 5 6 7 135 8 137 74 140 141 145 146 20 86 23 90 27 92 29 356 298 364 110 174 114 59 60 253 
145 82 3 23 24 90 27 92 140 141 
3 99 10 74 140 364 141 86 23 24 27 92 29 93 
64 356 6 23 24 27 92 140 364 29 141 
3 4 6 7 8 9 140 141 23 24 27 92 29 
23 24 27 92 140 364 29 141 
19 21 7 8 10 
4 11 12 
4 5 23 24 9 10 12 13 
7 23 8 24 9 
23 24 9 11 
4 5 7 23 8 9 10 11 12 13 
19 23 24 9 10 
18 3 19 4 20 5 23 24 10 11 12 13 
114 7 23 8 24 10 27 92 140 141 
227 135 104 108 141 111 80 144 81 145 82 114 27 92 
3 7 23 24 
3 135 9 10 74 140 141 145 114 86 23 24 27 92 29 
3 131 23 24 27 92 
3 131 7 72 73 74 140 364 141 23 24 90 27 92 29 
3 23 24 27 92 364 141 
6 23 24 27 92 140 364 141 365 
114 6 23 24 27 92 140 364 29 141 
114 23 24 27 92 140 141 
8 10 
7 8 136 9 27 92 140 364 141 
4 11 
1 2 3 4 5 6 7 8 9 10 11 12 140 13 141 16 18 19 20 21 23 24 27 92 361 42 108 114 
3 7 8 72 74 140 364 141 80 145 114 86 23 24 27 92 29 95 
114 23 24 72 27 59 60 92 29 141 335 
114 23 24 27 92 364 29 141 
3 4 6 103 141 110 114 146 23 24 90 27 92 29 253 
23 24 27 92 29 
64 131 4 132 6 7 135 9 10 11 12 140 145 114 20 23 24 27 59 60 92 29 
3 4 7 8 9 10 140 141 114 20 23 24 27 92 29 95 
3 7 23 24 27 92 364 
145 23 24 10 27 92 
135 10 92 364 
128 2 3 7 135 9 137 266 335 144 145 82 146 23 24 90 27 92 29 103 359 108 110 111 245 246 247 122 60 
16 18 19 4 20 5 7 8 10 11 
4 356 6 8 363 140 141 301 110 366 111 114 146 20 85 23 27 92 
4 5 10 11 
3 20 23 24 10 
4 5 10 11 12 13 
20 11 12 
3 19 20 22 23 24 10 
4 5 23 8 24 10 11 12 13 
3 4 5 6 8 9 10 11 12 13 18 19 20 22 23 24 
4 6 7 23 8 24 9 10 11 12 
4 5 10 12 13 
3 4 20 5 6 22 7 23 24 9 10 
3 19 20 22 7 23 24 9 10 
23 11 
5 10 11 
4 20 6 23 24 11 12 
4 20 5 6 23 24 11 12 
4 20 6 11 12 
7 23 8 
3 4 6 23 24 10 12 
18 19 10 
18 4 5 11 12 13 
211 89 27 92 78 
3 27 92 140 364 29 
66 3 4 5 6 135 72 10 266 11 140 13 141 142 145 18 19 20 21 22 86 23 24 27 92 361 298 114 122 
7 23 8 24 27 92 
145 114 245 266 
18 19 21 7 10 
4 135 10 74 108 141 16 145 82 114 23 215 24 27 92 29 
99 141 
225 3 27 92 140 141 
19 6 7 23 24 10 
1 2 4 5 6 360 361 10 298 140 141 18 19 20 22 27 59 60 92 
23 135 24 
131 132 356 325 6 7 103 135 8 298 141 110 145 146 23 24 152 27 92 29 253 
3 6 102 135 72 10 74 75 140 141 145 114 85 86 23 24 27 92 29 
3 70 7 8 74 76 140 141 110 111 144 113 145 114 146 23 24 26 27 59 219 60 92 29 
80 23 135 24 27 60 92 140 29 93 141 
1 2 4 10 74 11 140 110 145 18 114 23 24 27 92 29 
144 145 242 246 265 219 331 
4 23 135 359 24 72 74 298 27 92 29 
145 23 71 24 
32 114 27 
114 23 135 140 
113 114 265 219 140 141 335 
4 356 6 298 27 92 141 
114 27 92 140 364 141 
64 100 245 
64 144 145 114 100 71 72 10 27 
7 23 8 24 74 27 92 140 29 141 
114 23 24 10 27 92 141 
145 131 23 24 27 92 364 141 
356 6 359 72 74 363 140 141 114 115 86 23 24 27 92 29 253 95 
145 131 6 23 24 27 59 92 29 141 
7 23 24 27 92 140 364 141 
7 8 27 
131 23 24 27 92 141 
131 132 23 24 27 92 141 
64 1 2 3 4 5 6 7 8 72 9 10 140 141 146 23 24 27 92 29 225 99 356 110 174 114 60 253 
145 131 23 24 27 92 364 29 141 
114 242 
4 5 135 10 75 12 140 364 13 141 367 368 20 85 86 23 24 27 60 92 29 93 
1 99 4 6 72 10 266 11 12 20 85 23 59 60 92 
1 4 6 8 11 12 141 145 20 23 24 27 123 92 
145 3 115 86 23 24 140 364 141 
356 6 7 135 8 10 140 141 80 145 19 23 24 26 27 92 29 253 
356 23 24 27 92 140 364 29 141 
99 10 59 60 141 
23 24 10 27 92 
3 131 4 6 7 135 8 72 137 10 74 11 75 12 140 141 80 145 82 19 85 86 23 24 90 27 92 29 93 32 225 99 356 364 366 367 368 114 59 60 253 
32 6 135 72 10 74 140 141 110 145 114 146 85 86 23 24 90 27 59 60 29 93 
23 103 24 59 60 92 140 29 
114 102 23 24 27 92 140 29 141 
64 3 131 4 132 6 7 135 8 72 137 10 74 11 12 140 141 80 145 82 146 85 86 23 24 90 27 92 29 93 225 99 356 102 298 108 364 110 114 59 60 253 
6 86 102 23 24 10 27 92 108 140 364 29 
131 149 86 23 135 24 10 90 27 92 29 141 
70 23 24 10 27 92 140 
64 3 4 5 6 135 8 72 9 10 11 12 140 13 141 80 18 19 20 21 22 86 23 24 90 27 92 29 93 99 364 114 
23 24 10 27 92 364 141 
115 86 23 8 24 10 27 92 29 
80 6 23 135 24 27 60 92 140 29 93 141 
17 23 24 92 140 
225 3 4 7 103 135 10 140 141 110 174 367 146 23 24 90 27 92 
23 24 10 27 92 364 29 141 
99 23 24 9 331 140 93 141 
8 92 141 
3 7 135 72 10 74 138 75 140 144 145 146 86 23 24 27 219 92 29 93 159 225 108 110 114 59 60 
23 24 10 27 92 141 
225 114 3 23 135 24 92 140 364 141 
356 6 23 24 9 27 92 140 364 29 
356 6 23 24 9 27 92 364 29 
1 2 4 6 7 8 140 364 141 23 24 27 92 29 
356 6 23 24 9 27 92 364 29 141 
114 131 23 27 92 141 
99 10 140 364 141 80 145 114 23 24 27 60 92 29 
356 6 23 24 27 92 
7 8 136 9 73 10 74 140 364 141 80 23 24 27 92 29 
16 4 6 23 24 9 10 
4 20 6 7 23 24 10 11 
1 123 
225 3 356 6 23 24 27 92 140 253 
102 135 10 74 141 113 145 114 86 23 24 27 219 92 29 
131 23 24 10 27 92 364 141 
3 131 356 7 359 8 9 10 138 139 108 140 141 110 144 145 114 146 148 246 23 24 27 92 
99 6 23 24 27 331 92 140 364 29 141 
3 356 103 104 92 140 174 
225 3 4 135 10 42 74 12 13 141 20 23 24 27 59 60 92 
64 99 70 102 134 103 135 359 10 141 145 82 114 148 340 23 24 152 59 60 61 
144 145 227 86 93 
3 131 4 5 7 135 8 9 265 10 11 140 141 269 142 144 145 274 149 23 24 152 25 156 29 32 297 301 59 60 191 71 74 79 207 80 219 92 97 99 227 100 356 102 103 359 104 363 240 113 114 121 
8 361 10 145 18 114 19 20 22 23 24 27 92 
23 8 24 27 92 364 29 
145 10 27 
3 4 6 103 10 11 140 141 18 114 19 20 23 27 92 
23 359 24 10 27 92 29 
135 140 
102 23 24 
114 23 24 
16 18 19 4 20 7 23 24 10 11 12 13 
114 3 23 135 24 104 10 27 139 92 140 29 
99 70 102 7 359 8 9 10 141 269 86 23 24 59 92 156 159 
356 27 92 140 364 29 141 
225 3 99 7 103 135 9 73 10 140 141 110 174 367 114 146 23 24 90 27 60 92 29 
114 7 23 8 24 27 92 141 
64 1 131 4 132 6 7 71 8 10 74 11 139 12 140 141 144 145 82 20 85 86 23 24 27 92 29 34 102 114 
3 99 7 8 9 11 12 13 141 14 15 16 114 27 92 29 
32 145 114 227 104 219 
114 142 207 
145 114 99 23 135 24 27 60 92 140 141 
3 102 7 359 72 74 141 80 145 23 24 26 27 92 29 
145 23 24 27 60 92 29 141 
64 225 3 325 23 24 72 9 11 27 92 
64 3 6 7 135 8 9 10 11 140 364 141 86 246 23 24 27 60 92 29 
225 3 23 24 10 74 27 92 140 
4 135 10 11 140 80 145 114 86 23 24 27 92 29 
64 356 6 7 135 8 72 10 74 141 110 174 145 82 114 146 23 24 26 90 27 92 29 
102 7 8 10 74 138 108 141 142 144 145 114 245 246 23 24 88 27 92 29 
3 356 6 7 23 135 8 10 27 92 140 141 
102 23 135 359 24 74 27 92 140 29 141 
27 92 140 364 
27 92 140 
145 131 23 24 27 92 29 141 
145 82 148 134 23 135 359 24 152 92 141 95 
131 132 103 73 140 364 141 174 146 23 24 90 27 92 29 
114 3 10 
145 114 10 27 92 
92 364 
23 24 219 141 
356 6 23 24 27 92 29 
356 7 8 27 92 253 
114 86 27 92 140 364 141 
3 6 7 23 24 9 10 
3 23 24 9 10 
1 3 4 20 6 23 24 10 11 12 
114 7 103 135 8 74 27 60 92 140 364 141 
3 131 4 6 7 8 364 141 23 24 90 27 92 29 
18 4 
114 99 23 24 10 27 92 141 
114 86 23 24 9 27 92 364 29 141 
1 2 4 20 5 23 24 
4 5 23 24 10 12 13 
66 99 4 100 356 5 71 10 106 11 140 141 145 18 114 20 23 24 92 29 63 
20 10 11 
3 4 6 7 135 8 9 10 140 364 141 114 86 23 24 27 92 29 
27 92 364 29 141 
1 2 3 4 5 6 7 135 8 136 9 73 10 74 11 12 140 13 141 15 335 16 17 18 82 19 20 21 22 86 23 24 27 92 29 99 364 114 59 60 
32 3 132 7 71 8 10 140 141 80 145 114 86 23 24 27 92 29 
225 3 7 23 24 27 92 140 29 
32 144 131 164 23 24 104 
20 23 24 10 
18 19 4 20 22 23 24 9 10 11 
1 2 3 7 23 8 24 10 
225 3 356 6 23 8 24 27 92 140 
3 23 
1 2 7 23 10 
3 23 74 92 29 
1 2 3 4 6 7 8 10 16 18 19 20 23 24 
1 10 
114 23 8 24 27 92 140 364 29 141 
16 7 8 10 11 
4 20 23 24 10 11 12 13 
3 4 5 6 7 8 9 10 11 18 19 20 23 24 
225 98 3 4 356 6 7 8 9 137 74 140 141 174 19 23 24 27 59 60 92 29 
1 2 4 5 6 8 72 265 10 74 266 12 13 141 144 145 18 146 19 20 85 22 23 24 89 27 92 29 93 103 359 110 175 367 368 114 59 60 63 
114 20 6 7 23 24 27 92 140 29 141 
114 6 86 8 10 27 92 140 364 29 141 
3 7 8 9 10 
3 86 23 24 10 27 92 141 
23 24 10 27 92 364 29 
23 24 10 74 27 92 140 29 141 
1 4 20 5 6 7 23 8 10 11 12 
16 4 5 6 7 23 8 24 10 11 12 13 
86 23 8 24 10 27 59 60 92 140 141 
32 7 23 8 24 74 27 92 140 29 141 
18 356 6 23 8 24 10 27 92 140 
114 23 135 8 24 27 92 364 29 141 
135 8 10 75 141 80 18 114 19 20 27 59 60 92 
3 4 356 6 140 141 80 114 23 24 27 59 123 60 92 29 
32 3 99 4 6 135 72 9 137 10 140 141 174 114 20 23 24 90 27 60 29 
114 23 24 9 27 92 140 141 
6 71 135 8 72 10 74 75 140 77 141 145 85 86 23 24 27 92 29 93 102 359 104 108 114 
356 6 8 108 140 141 110 174 146 23 24 27 92 253 
3 131 4 6 7 8 9 74 140 141 145 146 342 23 343 24 27 92 29 356 103 359 110 114 253 
114 99 23 
145 114 99 4 23 24 9 
242 135 
86 23 24 27 139 92 140 364 141 95 
144 145 114 211 100 245 246 72 10 266 27 29 
18 114 10 27 92 
3 259 7 8 72 136 74 138 11 79 144 145 149 23 24 92 29 159 99 100 103 240 121 59 60 
145 114 99 4 23 359 24 9 
23 24 10 27 219 92 29 141 
7 8 72 74 364 141 145 23 24 121 27 59 60 92 29 93 
64 225 34 3 131 132 6 74 11 140 268 145 114 23 121 59 60 29 61 93 
80 102 23 103 359 24 140 141 
3 6 7 23 8 24 10 
23 103 24 72 74 27 92 140 29 141 
4 6 23 11 
1 2 4 20 5 23 24 10 
3 7 8 10 74 140 141 114 23 24 27 92 29 
99 4 6 135 10 11 12 141 110 335 144 145 114 246 247 
356 6 23 24 9 27 92 141 
3 4 7 135 8 72 10 74 11 75 12 140 141 335 80 144 145 82 146 86 23 24 90 27 92 29 93 225 102 108 110 114 59 123 60 
145 356 6 10 27 92 141 174 
114 23 24 27 92 108 93 141 
64 3 4 6 7 135 8 72 9 10 74 11 140 141 18 19 86 23 24 90 27 92 29 93 99 364 114 115 60 
3 356 6 9 10 141 174 114 86 23 24 90 27 92 
356 6 8 10 140 141 145 114 23 24 27 92 29 
356 6 7 135 8 10 74 140 141 301 366 80 145 82 114 86 23 24 27 92 29 
1 3 99 356 6 9 10 140 110 174 111 146 86 23 24 27 92 29 
18 10 
64 114 23 24 10 266 27 92 140 141 175 335 
3 4 5 23 8 24 10 11 
64 3 6 7 71 135 72 73 137 10 74 75 140 141 145 146 85 86 23 24 90 27 92 93 32 99 108 110 111 114 59 60 
3 20 23 8 24 10 12 
356 6 23 24 9 92 140 364 29 
4 20 5 23 24 10 12 13 
4 6 7 23 8 24 10 12 
3 4 20 5 6 7 23 8 24 10 11 12 
131 4 6 135 9 363 12 108 140 364 141 301 335 114 86 23 247 24 27 92 
4 5 8 10 11 
103 135 72 137 74 364 141 23 24 90 27 92 29 
18 6 23 24 10 
7 23 24 9 10 11 
18 6 23 8 24 10 
1 2 4 5 6 7 8 9 10 145 114 20 23 24 27 92 
18 6 23 24 9 10 
3 19 6 22 23 24 9 10 11 
1 4 6 
1 2 4 5 6 23 24 
4 20 23 24 
1 2 99 4 6 136 73 10 74 364 82 114 23 24 27 59 60 92 29 
6 23 24 9 
4 20 12 13 
3 7 135 8 72 10 74 75 140 141 335 80 144 145 82 146 86 23 24 27 92 29 93 225 108 110 114 59 123 60 
4 20 
85 6 7 23 103 8 24 27 92 140 
1 4 6 7 23 8 24 10 
3 6 7 135 8 72 9 73 10 74 75 140 141 78 144 81 145 82 146 85 86 23 24 27 92 29 93 32 225 99 103 108 110 174 367 114 115 59 60 
4 6 23 24 10 
64 1 2 4 6 7 8 72 10 74 11 140 141 145 18 146 19 211 20 22 86 23 24 26 27 92 29 93 99 100 297 361 298 110 111 114 59 60 
40 72 265 10 74 141 142 144 145 114 211 245 246 27 219 29 
34 131 100 72 297 10 266 141 78 142 334 114 211 245 86 23 24 89 27 59 92 29 93 
114 23 24 73 27 92 29 141 
64 225 3 135 9 10 140 364 141 145 114 23 24 27 92 29 
113 114 70 78 
32 144 145 114 100 86 150 40 10 92 142 
32 72 10 77 141 80 145 114 21 86 150 92 29 
64 356 6 10 74 140 141 174 114 23 24 27 59 60 92 29 
23 24 74 27 92 140 364 29 141 
64 66 4 70 7 8 10 74 266 11 12 140 141 16 80 145 18 19 20 22 86 23 24 27 92 29 93 99 105 361 303 114 245 121 59 
80 114 134 
64 4 5 6 8 72 9 10 11 140 141 142 80 145 18 19 211 20 86 23 24 27 92 29 99 100 297 361 108 114 245 246 59 60 
144 145 100 86 150 40 10 92 142 
145 114 3 7 23 8 24 74 27 92 29 141 
114 211 72 89 297 27 92 29 141 78 
145 114 10 140 364 141 
113 211 100 72 10 27 92 29 142 
356 6 8 72 73 10 74 141 110 174 111 145 114 146 23 24 27 60 92 29 
145 114 99 23 24 9 27 92 140 364 141 
144 227 86 231 127 351 
3 19 4 6 7 23 8 24 9 10 
145 72 74 27 92 364 29 141 
258 100 7 135 8 72 201 297 10 11 141 142 113 114 211 27 59 92 29 
7 23 24 74 27 92 140 364 29 141 
145 4 5 23 24 9 27 92 29 95 
145 4 5 23 24 9 74 27 92 29 
145 23 24 72 74 27 92 140 29 141 
4 356 6 7 8 10 140 364 141 23 24 27 92 29 
145 23 135 24 10 27 92 364 141 
3 4 7 23 24 73 27 92 140 29 141 
64 356 6 359 10 140 364 141 174 114 23 24 27 92 29 
16 6 23 24 10 11 
64 99 23 24 9 10 27 60 92 364 141 
114 23 135 24 9 10 27 92 140 141 
114 4 85 23 27 363 92 140 301 
23 135 24 10 27 92 141 
1 2 19 4 20 5 23 24 12 13 
18 23 24 10 27 92 
7 27 92 364 
1 2 18 19 4 5 6 23 24 10 
145 356 6 23 24 10 27 92 364 29 141 
1 2 4 5 6 7 8 10 18 19 20 21 23 24 
1 2 4 5 7 23 8 24 10 
4 20 5 12 13 
114 6 10 27 92 140 364 141 
114 23 24 27 92 140 364 29 141 
114 3 23 24 9 27 92 140 141 
6 23 24 10 27 92 140 364 141 
1 2 3 4 356 6 7 8 10 74 140 141 23 24 27 92 29 
6 7 23 24 11 27 92 140 29 141 
1 2 4 6 
16 19 4 20 23 24 10 12 
16 4 10 11 12 
3 7 23 24 10 
1 4 7 23 8 24 11 12 
1 2 4 6 12 
4 7 23 8 24 
16 19 4 20 10 12 
16 10 
4 23 24 12 
3 102 7 8 72 10 74 75 141 145 114 85 86 23 24 27 59 60 92 29 93 
128 258 6 7 8 40 10 266 78 145 114 86 23 89 27 92 159 
23 24 92 
114 3 356 6 86 23 24 92 29 174 
86 7 23 8 27 92 140 364 29 141 
3 23 135 24 27 92 140 141 
10 27 92 364 
6 86 23 8 24 9 27 92 140 364 29 141 
3 99 7 135 359 9 266 140 141 303 144 145 114 340 245 86 246 23 24 27 59 92 93 
1 258 131 4 132 6 70 7 71 135 8 10 266 11 12 140 141 78 144 145 20 340 86 23 87 24 89 27 92 29 34 294 359 104 299 237 303 114 242 246 314 127 
99 135 359 9 266 141 110 303 144 145 82 146 20 86 23 24 121 27 59 92 29 95 
145 242 99 
64 3 6 7 8 72 9 10 74 140 141 80 144 145 18 20 86 23 24 27 92 29 225 356 102 359 108 174 114 59 60 253 
1 2 258 131 4 5 261 6 134 7 135 8 10 266 139 12 140 13 141 144 145 20 23 24 281 27 29 158 32 40 174 303 59 60 72 74 78 207 80 85 86 344 89 219 92 351 97 227 100 356 101 102 359 361 108 239 113 114 245 246 253 127 
246 59 60 
131 132 356 6 71 135 359 10 266 141 78 334 145 245 246 23 24 89 27 92 29 253 
114 23 8 24 10 29 141 
23 104 89 78 
114 242 245 134 135 297 266 219 60 93 
144 145 114 245 27 299 140 141 62 303 
64 145 99 23 24 10 27 92 141 
99 86 10 59 
129 102 7 8 10 27 92 140 29 
145 4 6 10 27 59 12 92 140 29 141 301 
256 6 102 7 135 359 8 10 74 108 141 145 82 114 86 23 24 27 92 29 
64 164 135 359 9 106 266 140 239 145 82 340 245 246 23 247 24 27 
16 259 10 266 139 
23 24 9 92 
3 6 23 24 10 27 59 60 92 140 29 141 
23 24 27 92 364 29 141 366 
114 7 59 251 60 284 141 46 
1 2 4 5 6 10 12 13 141 144 145 20 85 86 23 24 89 27 92 29 93 351 356 102 359 367 368 246 127 
145 99 7 10 27 29 
144 145 99 20 23 135 359 24 27 59 92 
144 145 114 102 7 23 135 24 10 27 108 
225 6 7 103 135 8 137 10 74 140 141 174 114 115 20 23 24 89 90 27 92 29 
131 132 72 140 364 141 80 114 86 23 24 27 92 29 
356 6 359 10 74 266 140 141 148 245 246 23 24 27 59 60 92 29 253 95 
114 23 359 24 
144 145 289 246 266 59 60 158 
114 245 246 23 
336 145 127 
144 114 297 10 140 142 
144 145 246 23 359 24 27 92 29 
356 6 102 135 359 104 10 141 78 142 82 115 85 86 23 24 89 27 92 29 253 
114 146 4 356 85 6 27 363 92 140 301 110 
3 356 6 7 8 11 141 23 24 26 27 92 29 
4 134 135 328 10 74 266 75 139 140 77 141 78 80 144 145 18 146 19 211 20 85 23 24 27 92 29 93 351 294 231 359 361 299 110 303 114 59 60 
16 23 8 24 72 10 74 138 27 92 29 141 
23 24 27 92 364 141 46 
144 82 242 245 102 134 23 135 24 106 
66 4 262 135 199 264 9 10 74 266 11 267 12 140 141 80 144 145 146 86 88 89 27 219 28 29 225 98 99 100 102 297 299 303 113 114 242 246 247 121 59 60 
1 2 356 6 7 71 8 10 266 141 114 245 23 24 27 92 29 253 94 
322 6 70 134 71 72 10 74 266 139 141 335 80 144 145 84 27 29 30 158 351 227 100 359 175 239 245 253 
144 145 114 89 27 92 29 
144 145 209 245 266 27 29 
64 340 356 102 359 8 10 27 92 29 253 
144 3 100 7 8 72 27 92 29 239 
16 144 145 114 297 10 
325 72 10 141 142 144 145 86 150 152 89 153 218 27 92 29 32 102 359 299 239 113 114 310 251 
4 359 72 73 74 266 363 141 301 335 144 148 246 23 24 25 27 92 29 93 95 
240 225 114 23 71 103 359 24 59 60 335 
166 94 
23 24 9 10 27 92 141 
70 10 141 78 144 145 114 85 86 89 27 92 29 93 62 
7 8 10 140 364 141 114 86 23 24 27 60 92 29 
113 23 
145 7 94 
145 94 
145 114 74 29 
144 3 23 359 24 74 27 92 140 284 29 
144 113 145 114 135 72 27 
3 211 296 
114 86 
64 66 3 4 5 6 9 10 74 11 12 140 13 141 16 145 23 24 27 219 92 29 99 298 108 364 114 119 59 
145 3 245 86 246 23 135 24 9 140 141 
4 5 23 8 24 10 11 
99 4 6 7 72 9 10 140 141 23 24 27 60 92 
1 2 4 20 5 6 23 24 10 12 13 
80 114 135 9 10 27 92 29 141 
1 2 6 23 
1 18 4 23 24 10 
7 23 8 24 9 10 
4 5 6 7 8 10 11 12 13 18 20 23 24 
3 7 23 24 9 10 11 
1 18 3 4 20 7 23 8 24 9 10 12 
1 4 20 23 24 10 12 13 
3 4 20 6 23 24 10 11 
1 23 24 10 
4 5 6 10 11 12 13 16 18 19 20 21 22 23 24 
4 6 135 137 10 364 141 301 114 20 23 24 90 27 92 29 
19 4 20 6 22 7 23 8 24 10 12 
16 3 4 20 6 7 23 8 24 9 10 11 
3 4 6 7 23 8 24 9 10 
18 3 19 4 20 6 7 23 8 24 10 
16 3 4 7 23 8 24 9 10 11 
131 4 6 135 9 363 108 140 364 141 301 335 114 86 23 247 24 27 92 
18 5 6 23 24 10 
18 19 6 23 24 10 
18 4 6 23 24 10 
18 3 19 20 6 7 23 8 24 10 
18 19 4 5 6 7 23 24 10 11 
4 20 23 8 24 10 
3 4 20 5 6 23 8 24 10 12 13 
18 3 4 6 7 23 8 24 10 11 
18 4 20 6 7 23 8 24 9 10 11 12 
3 7 8 
3 20 6 23 8 24 10 12 
4 6 23 10 
1 2 4 5 7 8 9 10 12 13 20 23 24 
4 6 23 24 9 
18 4 5 23 8 24 10 11 12 13 
6 23 24 12 13 
18 6 7 23 8 24 10 
3 4 20 23 24 9 10 11 12 
16 4 23 24 9 10 
4 5 6 7 8 9 10 11 12 18 19 20 23 24 
16 7 23 8 24 10 
3 23 24 27 92 
4 5 6 7 23 24 
1 2 18 19 4 20 5 6 23 24 10 
3 7 23 8 
1 2 6 7 23 8 24 10 11 
1 2 4 20 7 23 8 24 9 10 11 
18 20 6 7 23 8 24 10 11 12 
16 18 19 7 8 10 12 13 
3 4 6 7 8 9 10 11 12 13 18 19 20 23 24 
20 7 23 8 24 10 
4 20 5 7 23 8 24 10 12 13 
1 2 3 4 5 6 7 8 9 10 11 12 13 16 18 19 20 21 22 23 24 
1 3 4 7 23 8 24 9 10 12 
114 3 23 24 10 27 92 140 141 
4 20 23 24 10 12 13 
23 135 359 24 141 
16 4 20 10 11 12 
19 4 20 21 22 23 24 10 11 13 
66 27 92 
1 2 4 5 6 361 10 74 141 110 111 80 146 20 23 24 27 92 
256 129 66 3 99 100 10 11 140 80 145 59 219 60 92 
4 5 6 360 10 298 141 110 145 114 149 23 24 59 60 92 253 
114 10 27 92 
1 4 5 6 7 23 8 24 10 
18 19 23 24 10 11 
114 10 27 92 108 29 
145 114 23 24 10 27 92 29 
23 73 74 27 92 29 
225 3 4 23 24 74 92 140 29 367 
131 4 6 10 74 12 145 114 20 85 86 23 24 27 92 29 93 
131 132 134 71 135 10 266 141 80 144 145 18 82 19 86 23 24 89 27 92 29 93 158 102 114 245 
3 23 24 27 92 141 
1 2 66 70 134 71 8 10 140 141 78 80 144 145 82 148 86 23 24 152 27 92 29 34 164 102 106 108 110 303 59 60 
32 99 4 135 72 9 361 10 12 140 13 80 145 114 20 86 23 24 27 59 60 29 
32 359 10 140 141 113 145 114 150 310 23 24 89 27 219 92 29 
3 131 6 7 135 8 72 9 10 74 140 141 145 146 213 86 23 24 89 27 219 92 29 356 103 359 110 114 246 253 
23 135 24 10 27 92 
1 2 4 20 5 23 24 10 12 13 
23 71 135 24 
1 2 3 20 5 7 23 8 24 9 10 11 
3 7 
99 102 103 135 359 10 140 141 142 145 114 86 23 24 89 27 59 60 92 29 
3 86 23 135 24 9 10 27 92 140 29 141 
227 102 361 10 108 140 80 19 20 23 24 89 27 92 
3 4 5 6 7 135 8 72 9 10 74 11 140 141 82 85 86 23 24 90 27 92 29 93 99 356 174 114 
4 135 10 108 140 364 141 16 114 23 24 27 92 29 
1 2 4 20 23 24 10 11 12 
16 114 242 3 227 86 10 219 93 141 
23 135 24 10 27 92 140 141 
3 4 5 7 9 10 11 13 19 20 21 22 23 24 
113 114 227 86 104 
64 225 3 99 102 135 8 72 9 10 74 108 140 364 141 114 86 23 24 27 59 60 92 29 
32 114 6 23 24 27 92 140 29 141 366 
7 23 8 24 73 74 27 92 29 141 
114 23 24 27 123 92 140 29 141 
356 6 23 24 10 27 92 108 140 29 141 174 
3 23 135 24 9 27 92 140 141 
18 19 4 20 6 7 23 8 24 10 
16 3 4 7 23 24 9 10 11 
1 2 6 7 23 24 9 10 
19 4 7 23 24 10 
23 24 73 10 27 59 60 92 140 29 141 
18 6 7 23 24 10 
16 18 19 10 
1 2 4 5 6 10 12 13 18 19 20 23 24 
3 6 23 24 10 
18 19 4 20 6 10 12 
1 2 131 4 132 5 71 135 72 10 12 13 141 78 142 334 144 145 146 20 23 24 89 27 93 227 100 102 359 361 110 175 114 246 59 60 127 
114 23 24 27 92 
258 4 5 134 71 8 10 74 11 207 144 145 209 82 146 23 24 152 25 27 219 92 29 162 99 227 100 356 102 104 298 363 301 110 111 246 59 60 61 
256 100 135 72 10 141 144 113 145 82 340 27 29 
23 24 152 74 27 92 29 
129 258 4 5 261 6 134 8 265 10 266 11 140 142 144 145 18 146 274 19 150 23 24 152 280 25 27 29 32 162 294 167 298 299 301 175 303 59 60 61 71 72 74 330 332 205 78 207 209 211 86 216 219 92 97 99 227 100 356 102 103 359 104 363 110 111 240 113 114 246 121 
99 4 102 72 9 10 74 12 108 141 145 114 86 23 24 27 92 29 
23 24 89 27 92 78 
148 325 152 
145 114 19 4 20 21 22 23 24 27 92 
259 10 266 139 140 141 144 145 245 246 23 24 27 92 158 
227 4 100 135 10 11 12 140 141 335 16 80 114 20 246 27 219 92 29 
100 134 71 72 10 144 113 145 82 114 339 23 24 27 92 
102 7 359 8 10 74 18 114 23 24 27 92 29 
121 10 27 92 108 29 
6 7 8 72 10 74 114 86 23 24 27 59 92 29 
102 7 23 8 24 10 74 27 92 108 140 29 
145 66 4 20 71 11 12 127 
86 317 
227 23 135 359 24 89 10 27 92 108 29 
100 102 7 8 10 74 142 144 145 114 23 24 27 92 29 
144 145 245 246 265 
102 104 328 10 138 139 108 114 179 23 24 27 92 29 
114 86 23 135 24 121 93 
225 3 10 141 
23 359 24 10 27 92 108 29 
64 130 10 140 141 335 80 144 145 82 114 340 23 24 
227 6 102 10 108 141 78 174 239 114 274 85 86 23 24 89 27 92 29 
23 24 10 141 
66 3 4 5 261 7 135 72 9 10 74 11 140 13 141 78 142 80 144 145 18 19 211 20 21 22 86 23 24 27 219 92 29 32 227 100 294 103 104 361 303 114 121 59 60 
80 144 145 219 46 
6 246 253 174 
86 10 
242 23 24 10 106 27 92 108 29 
144 145 114 99 86 303 
3 7 135 8 72 10 74 11 140 141 145 18 19 20 86 23 24 26 90 27 92 29 225 102 367 59 60 
114 23 135 359 24 10 92 335 
73 10 74 75 139 140 77 141 142 145 274 85 86 150 23 24 89 27 219 92 29 32 359 113 114 246 310 
114 23 359 24 9 10 141 
131 356 6 103 135 359 72 10 74 108 140 141 110 145 146 20 86 23 24 27 92 29 253 
144 145 23 359 24 317 
6 10 92 
18 23 24 
3 7 23 8 24 9 10 11 
1 3 6 7 23 8 24 9 10 
1 19 4 20 6 7 23 8 24 10 
3 4 5 7 8 9 10 11 12 13 16 23 24 
16 19 4 20 5 7 23 24 10 12 13 
18 19 4 23 24 10 
2 6 23 24 10 
64 3 4 5 6 7 135 8 9 73 137 10 74 140 141 17 145 146 20 85 86 23 24 90 27 92 29 99 356 103 364 110 174 366 114 59 123 60 
23 24 9 27 92 141 
3 4 7 23 8 24 11 27 92 141 159 
1 4 20 10 11 12 
3 23 24 10 11 
64 6 7 135 8 72 137 10 74 75 140 141 145 82 85 86 23 24 90 27 92 29 93 99 102 104 367 368 123 
135 27 92 140 364 
99 6 7 8 10 140 364 141 80 114 86 23 24 27 123 92 29 
145 114 135 140 364 141 
128 144 113 145 82 114 86 102 134 135 
1 2 66 3 5 325 7 71 8 9 10 74 11 140 141 79 335 144 145 18 20 149 86 23 24 152 27 219 92 29 99 100 101 102 103 361 240 113 114 59 60 
102 23 24 59 60 
23 24 74 29 
99 356 9 140 364 141 114 23 24 27 59 92 29 253 
1 2 66 3 5 325 7 71 135 8 9 10 74 11 140 141 79 335 144 145 18 20 149 23 24 152 27 219 92 29 99 100 101 102 103 361 240 113 114 59 60 
92 108 
80 114 23 24 9 27 92 140 29 141 
3 23 8 24 27 92 364 29 
59 60 92 29 
59 60 29 
18 19 20 22 10 
356 6 23 24 27 92 140 29 141 
114 86 23 24 9 10 27 92 108 364 29 141 
114 27 92 140 364 29 141 
3 4 23 135 24 9 10 27 92 364 29 141 
3 6 7 135 9 137 74 140 141 145 146 23 24 90 27 92 29 356 103 110 174 366 111 367 114 
50 23 8 24 59 
1 2 3 4 5 6 7 8 10 12 13 18 19 20 23 24 
4 20 6 23 24 10 
4 5 6 7 135 8 72 73 137 10 74 11 75 12 13 141 142 16 145 146 85 86 23 24 90 27 92 29 93 32 99 102 108 110 111 114 
3 4 6 23 8 24 10 
1 2 4 20 5 6 23 24 10 11 
32 3 99 356 6 135 9 10 140 364 141 145 86 23 24 27 92 29 
4 7 137 10 140 364 141 114 23 24 90 27 92 29 
6 23 24 10 27 92 364 141 
3 4 5 7 23 8 24 9 10 11 
3 356 6 7 71 8 9 10 74 140 141 174 17 86 23 24 27 60 92 29 
64 3 4 6 7 8 10 74 140 145 18 146 86 23 24 27 92 225 356 102 103 108 110 174 111 59 60 
114 6 23 8 24 27 92 140 364 29 141 
114 356 6 27 92 140 364 29 141 
80 23 24 27 92 29 141 
4 6 86 23 8 10 27 92 140 364 29 141 
23 24 27 92 140 141 
114 23 24 27 92 108 140 364 29 141 
3 99 356 6 7 103 135 8 9 140 141 110 366 111 368 114 146 23 24 90 27 92 
23 24 152 27 92 140 364 29 141 
6 8 10 140 364 141 114 86 23 24 27 123 92 29 
3 356 6 72 73 10 74 141 174 23 24 92 29 
99 7 23 103 8 24 27 92 140 29 141 
114 146 356 6 23 24 90 27 92 140 141 174 
131 23 24 27 92 
99 6 102 135 10 141 145 246 23 24 27 60 92 93 
3 27 92 364 29 
114 3 27 92 29 141 
3 356 6 7 103 74 141 110 174 366 114 146 23 24 90 27 123 92 29 
3 23 8 24 9 10 
225 3 4 6 7 8 10 74 11 140 141 145 114 19 20 86 23 24 27 59 60 92 29 
23 24 27 92 108 29 
3 4 102 8 10 364 141 16 80 114 86 23 24 90 27 92 29 
32 4 6 7 135 8 137 10 140 364 141 80 82 114 115 86 23 24 90 27 92 29 
114 146 27 92 141 110 
4 6 7 8 10 74 11 140 141 19 23 24 27 92 29 
18 114 27 92 140 29 141 
114 3 7 8 10 27 92 140 29 141 
23 24 90 27 92 364 141 
4 356 6 135 264 140 141 301 20 23 24 27 92 29 
18 19 20 6 23 8 24 10 
4 5 6 8 10 11 12 18 19 20 22 23 24 
3 99 4 356 6 7 9 10 140 141 80 19 86 23 24 27 92 29 
1 2 3 4 5 6 8 72 137 10 74 11 12 140 13 141 145 18 146 19 20 21 22 86 23 24 90 27 92 29 93 351 225 356 102 359 110 174 111 
18 19 20 6 23 24 10 
18 19 4 20 6 23 8 24 10 12 
18 19 20 6 23 8 24 9 10 
64 3 131 4 132 5 6 7 135 8 72 10 74 75 140 141 80 145 85 86 23 24 90 27 92 29 93 99 356 102 359 174 59 60 
99 8 72 136 9 73 10 74 108 140 141 23 24 27 59 60 92 29 
225 3 6 102 72 9 73 10 74 140 141 80 114 86 23 24 27 92 29 
1 2 19 4 20 6 23 8 24 10 11 
3 356 72 9 10 108 140 364 141 174 114 86 23 24 27 92 29 
19 6 22 7 23 8 24 10 
1 2 4 5 7 8 10 11 12 13 16 18 19 20 21 22 23 24 
16 3 20 6 23 24 10 
114 245 86 23 24 27 92 29 141 
3 4 6 7 135 8 9 137 10 74 140 141 145 146 86 23 24 90 27 92 29 225 110 174 114 
20 10 12 
1 2 4 20 5 6 23 24 10 
6 23 24 10 11 
16 3 9 10 
1 2 4 5 6 7 8 10 11 12 13 18 19 20 21 22 23 24 
4 23 24 11 
4 5 6 23 8 24 10 11 
16 6 7 23 24 
23 8 24 27 92 29 
32 7 8 104 10 12 364 141 114 85 23 24 27 60 92 29 
3 23 24 92 364 
3 23 24 27 92 29 141 
6 7 23 8 24 10 27 92 364 29 141 
3 7 8 10 140 141 366 114 23 24 27 92 29 
4 5 10 11 12 13 15 
18 4 20 7 23 8 24 
3 4 5 6 7 23 8 24 10 
16 3 4 5 23 24 9 10 11 
3 4 7 9 140 141 114 23 24 27 59 60 92 29 
114 135 10 27 92 140 364 29 141 
144 99 23 24 9 10 27 92 
7 23 8 24 27 92 29 141 
23 24 9 27 92 29 141 
145 114 135 27 92 364 29 141 
86 135 27 92 140 29 141 
6 86 23 24 27 92 140 364 29 141 
3 6 23 24 10 27 92 141 174 
145 27 123 92 140 141 
114 86 23 24 9 10 27 92 108 29 141 
7 8 27 92 364 
7 8 27 92 141 
3 99 102 7 103 359 8 9 140 141 110 145 114 146 23 24 27 29 
3 4 5 6 7 135 8 9 137 10 11 12 140 13 141 146 19 20 23 24 90 27 92 29 99 110 174 114 60 
3 131 4 5 6 7 8 9 10 140 141 114 86 23 24 27 92 
3 4 5 72 9 361 10 298 11 140 141 18 114 19 20 22 23 24 27 92 
98 114 99 70 140 269 
145 68 69 23 135 24 9 10 141 
289 114 213 246 59 29 158 
1 114 7 8 27 92 141 
145 114 7 135 8 27 92 140 364 141 
144 145 114 23 71 359 24 40 219 299 
144 23 24 27 92 364 141 
64 34 114 131 132 6 23 24 11 27 92 140 
1 2 4 356 5 6 7 103 140 364 141 110 114 146 23 24 27 92 
146 356 6 103 27 92 140 141 110 
3 6 7 135 9 137 74 140 141 145 146 23 24 90 27 92 29 356 103 110 174 366 111 367 114 
114 85 23 359 24 90 27 75 92 140 93 141 
64 145 99 23 359 24 9 10 27 92 141 
3 4 5 6 135 8 72 9 10 74 11 140 141 80 18 82 19 20 22 23 24 27 92 29 364 114 60 
4 356 7 135 8 140 141 110 366 114 146 85 342 23 24 90 27 92 
131 6 103 10 74 140 364 141 145 23 24 90 27 92 29 
3 4 6 7 135 8 72 9 73 74 140 364 141 145 114 23 24 27 92 29 
3 7 24 
18 19 4 20 10 
1 7 8 24 
18 19 4 20 5 22 24 10 11 
7 10 
3 20 7 24 9 
1 2 4 5 6 
7 8 24 10 
4 20 6 24 10 11 
4 24 10 
3 4 5 7 8 24 9 
1 2 4 5 21 6 24 10 11 
19 20 22 24 10 
1 2 4 5 6 24 10 
8 10 11 
16 10 11 
24 10 
3 4 5 7 8 10 11 12 13 16 18 19 20 21 22 23 24 
18 19 4 20 5 22 10 
3 134 135 10 266 140 145 82 115 340 245 86 23 27 
3 131 4 356 6 7 103 8 9 74 140 141 110 145 114 146 342 23 343 24 27 92 29 
3 99 356 6 7 103 8 9 137 140 141 110 366 111 367 368 114 146 23 24 27 92 
6 8 10 
3 4 5 6 23 24 
3 4 5 6 7 135 8 72 137 10 74 11 75 12 140 13 141 145 18 82 19 20 85 86 23 24 90 27 92 29 93 356 104 364 174 368 114 59 123 60 
23 24 10 27 92 108 140 29 93 141 
3 4 5 7 8 10 11 12 13 16 19 23 24 
4 6 135 137 10 140 364 141 301 144 114 20 23 24 90 27 92 29 
33 6 135 359 104 10 75 140 141 144 81 114 85 86 23 24 27 92 29 93 351 
3 99 131 134 7 135 359 9 74 140 141 114 245 86 23 24 27 92 29 
18 19 4 23 24 9 10 11 
19 10 
225 131 4 6 7 103 135 8 72 137 10 74 140 364 141 114 23 24 90 27 92 29 
3 4 356 6 135 10 140 141 174 111 114 146 19 27 92 93 
3 99 356 6 7 135 8 9 10 140 141 80 86 23 24 27 92 29 
86 7 23 24 10 27 92 140 364 29 141 
7 135 8 27 92 364 29 141 
145 114 211 72 297 27 92 
85 8 9 27 59 60 92 140 29 141 
3 7 71 135 8 72 136 9 73 10 74 140 141 80 145 82 86 23 24 26 27 219 92 29 99 102 114 246 121 59 60 126 
64 99 7 8 9 74 266 141 145 114 245 27 92 29 253 
3 4 7 23 8 24 11 27 92 141 
225 3 99 71 8 140 364 141 80 145 114 86 23 24 27 28 92 29 93 
3 99 6 7 9 10 141 19 23 24 27 59 92 29 
103 359 73 297 10 140 141 174 303 86 23 24 27 59 92 29 253 30 
100 135 297 10 74 141 335 115 248 281 27 92 29 
23 24 73 10 27 92 140 29 
71 135 27 92 29 141 
99 72 74 108 140 141 80 114 119 27 59 92 29 93 
356 6 7 23 8 24 27 92 140 141 
99 7 8 10 74 108 141 239 16 144 145 114 245 27 92 29 
64 3 6 7 135 8 72 9 73 140 141 80 86 23 24 27 92 29 225 356 108 364 115 253 126 
16 18 3 19 4 7 23 8 24 9 10 11 
8 27 92 140 141 
1 2 3 4 5 6 7 135 8 72 9 10 74 11 75 12 140 13 141 16 144 145 18 82 19 20 85 22 86 23 24 27 92 29 93 32 225 99 103 104 108 174 113 114 59 60 
4 5 6 7 9 73 10 11 12 13 141 18 146 19 20 22 23 24 27 92 29 351 364 110 174 111 114 
18 19 4 20 5 23 24 9 10 11 12 13 
23 24 141 
3 4 5 7 135 8 10 140 141 23 24 27 60 92 29 
3 
